rear/1418722485639859.jpg "[ 0.57252917 -0.46505081 -0.44046949 -0.51178581]" "[[ 0.08812382  0.995706   -0.02835045]
 [-0.17634322  0.04360605  0.98336238]
 [ 0.98037608 -0.08165824  0.17942874]]" -0.44064258146322616 -0.5124295765659025 168.78382718393112 -48.68652192586467 298.0798032300375
rear/1418721773469375.jpg "[ 0.75043696 -0.62432701  0.13761895  0.1676937 ]" "[[ 0.90587969 -0.42352556 -0.00284271]
 [ 0.07984864  0.16418923  0.98319179]
 [-0.41594011 -0.89088046  0.18255363]]" 0.13738542012732335 0.16764855883766525 449.9081784222418 -59.81311474486091 327.03413358884853
rear/1418722196226739.jpg "[ 0.47415184 -0.38772535  0.50181694  0.61076087]" "[[-0.24969817 -0.96832108  0.00225991]
 [ 0.19005248 -0.04671957  0.98066168]
 [-0.9494898   0.24529893  0.19569762]]" 0.5020286168985024 0.6100256717589881 97.63874344667686 35.94247497157162 -175.4162792105319
rear/1418721440881162.jpg "[ 0.51445277 -0.43923585  0.46276927  0.57293526]" "[[-0.08482042 -0.99602598 -0.02716154]
 [ 0.18296655 -0.04236589  0.98220587]
 [-0.97945329  0.07834146  0.18583293]]" 0.46228232783195666 0.5728770052211769 79.33973224646577 -8.735690233423943 63.306133968841856
rear/1418721787103779.jpg "[ 0.739884   -0.61482511  0.18578324  0.20011581]" "[[ 0.8508765  -0.52457338  0.02884365]
 [ 0.06767657  0.1638875   0.98415485]
 [-0.52098855 -0.8354422   0.17494935]]" 0.1852750006893007 0.20008844808690907 485.0051713127616 -79.09974374998487 371.746866073668
rear/1418722658251640.jpg "[ 0.09700539 -0.03189495 -0.630053   -0.769809  ]" "[[-0.97914533  0.18954226 -0.07313104]
 [-0.10916023 -0.18724635  0.97622889]
 [ 0.17134311  0.96385296  0.20403187]]" -0.6295345651617068 -0.7704391949249562 -735.6131165964906 -118.96103324688615 318.39621671225336
rear/1418721761380249.jpg "[ 0.75791946 -0.62424661  0.12492484  0.14236589]" "[[ 0.92825148 -0.37177157  0.01162307]
 [ 0.05983595  0.18009624  0.98182738]
 [-0.36710878 -0.91068724  0.18941991]]" 0.12492125058426473 0.14234609452071847 430.156899218551 -52.90787930686508 253.57234830561782
rear/1418723329701850.jpg "[ 0.75789627 -0.62781458  0.10006051  0.14638989]" "[[ 0.93711579 -0.34753559 -0.03214044]
 [ 0.09625781  0.16883772  0.98093234]
 [-0.33548238 -0.92234095  0.19167351]]" 0.09972386561232534 0.1457826738627361 423.71129300606657 36.00098233717689 -106.64112536172522
rear/1418723329338275.jpg "[ 0.759277   -0.62556847  0.10300071  0.1468107 ]" "[[ 0.93567494 -0.35180798 -0.02726815]
 [ 0.09407198  0.17422142  0.98020271]
 [-0.34009244 -0.91971628  0.19610989]]" 0.10293246958824293 0.1468326808255717 423.0523177981419 35.39743884023899 -111.4916002492887
rear/1418722453735287.jpg "[ 0.71063114 -0.58306941 -0.26605345 -0.2902568 ]" "[[ 0.6899331   0.7227863  -0.03965201]
 [-0.10227579  0.15156211  0.9831422 ]
 [ 0.71661146 -0.67424691  0.17849125]]" -0.26633482026090644 -0.29018942059826763 286.4163750726294 24.03626327016026 -61.71324466990611
rear/1418722046702707.jpg "[ 0.67166838 -0.54696379  0.33107531  0.37427441]" "[[ 0.5006156  -0.86494899  0.03531653]
 [ 0.14060415  0.12149855  0.9825826 ]
 [-0.85417474 -0.48693053  0.18243949]]" 0.3310726812883412 0.37426970164164464 730.1145828342238 29.694976500530437 -296.2933370229956
rear/1418722738967404.jpg "[ 0.11161831 -0.10266202 -0.63034672 -0.76135726]" "[[-0.95400372  0.29938816  0.01560847]
 [-0.04053749 -0.18040873  0.98275602]
 [ 0.29704143  0.93692018  0.18424705]]" -0.6297176089275669 -0.7619229151093397 -690.087580600937 -103.35065186362687 612.4898435349743
rear/1418721774105659.jpg "[ 0.74792327 -0.62244301  0.14698426  0.17768261]" "[[ 0.89364903 -0.44876457 -0.00132871]
 [ 0.08280728  0.16198719  0.98331231]
 [-0.44106049 -0.87884613  0.18192067]]" 0.1469686466942547 0.17768707156562563 459.36358010284374 -57.615920498621826 319.7028897509807
rear/1418722469733005.jpg "[ 0.68542365 -0.57388699 -0.28765383 -0.34366178]" "[[ 5.98303721e-01  8.01269396e-01  1.16575842e-04]
 [-1.40946235e-01  1.05100603e-01  9.84422685e-01]
 [ 7.88775517e-01 -5.89000186e-01  1.75817986e-01]]" -0.2875440220206279 -0.3439853036304266 278.13449249651524 -12.087878749724071 71.31741524319494
rear/1418722397470697.jpg "[ 0.25353688 -0.17062614 -0.61708432 -0.72512944]" "[[-0.81321154  0.57827554 -0.06545519]
 [-0.15711268 -0.10985197  0.98145206]
 [ 0.56035934  0.80841199  0.18018731]]" -0.617064653064545 -0.7253151327811258 210.53245249735795 -31.021991387083634 250.59810913239073
rear/1418722885946518.jpg "[ 0.00689615  0.02442568 -0.63503225 -0.77206857]" "[[-0.99871166 -0.02037359 -0.04647515]
 [-0.04167079 -0.19337297  0.98023999]
 [-0.02895805  0.98091376  0.19227486]]" -0.6350687008593101 -0.7720282293527372 -590.6677289090205 92.90390228130521 -613.732454178722
rear/1418722469096722.jpg "[ 0.69072179 -0.56964495 -0.2893032  -0.33869116]" "[[ 0.60318391  0.79748294 -0.01378863]
 [-0.13828251  0.12158586  0.98290123]
 [ 0.78552346 -0.59096348  0.18361658]]" -0.289316907161304 -0.33872865161531457 278.7433120465595 -7.420433416764976 65.972453091972
rear/1418723236533170.jpg "[ 0.45991493 -0.40866009  0.49407041  0.61430417]" "[[-0.24295038 -0.96886904 -0.04762247]
 [ 0.1612416  -0.08874537  0.98291679]
 [-0.95654391  0.23112128  0.17778271]]" 0.4940659823277573 0.6143035882015808 -141.19975926982366 81.83914910607056 -484.3039526130793
rear/1418722500546860.jpg "[ 0.58499286 -0.457459   -0.44207466 -0.50307516]" "[[ 0.10297076  0.99305281 -0.05694852]
 [-0.18412869  0.0752933   0.98001405]
 [ 0.97749355 -0.09042694  0.19060252]]" -0.4418847947231607 -0.5033069018967194 167.9781366578208 -66.46845646933416 396.5707031852738
rear/1418722309210562.jpg "[ 0.14092788 -0.12172855 -0.6290532  -0.75472748]" "[[-0.93064298  0.36587176  0.00644149]
 [-0.05957682 -0.16886281  0.98383736]
 [ 0.36104604  0.91521757  0.17894847]]" -0.6287546886651106 -0.7549900326590362 237.48090384929822 -0.15806106603896308 -2.2200340983675195
rear/1418721652850445.jpg "[ 0.6954275  -0.56841452 -0.28781088 -0.33234083]" "[[ 0.61342893  0.78942967 -0.0224885 ]
 [-0.13504613  0.13290901  0.98188479]
 [ 0.77811791 -0.59927955  0.18813966]]" -0.28835941099132123 -0.3329433554369891 -135.87234517958217 -18.275856961314506 85.02549808483586
rear/1418723428778700.jpg "[ 0.52368621 -0.42640093  0.47401791  0.56501506]" "[[-0.08787    -0.99602455  0.01462739]
 [ 0.18753784 -0.00211954  0.98225509]
 [-0.97831918  0.08905395  0.18697853]]" 0.473780522856002 0.5650001192043467 76.70395169856798 -12.247448777099466 63.15479998256648
rear/1418722046429996.jpg "[ 0.67980657 -0.55505037  0.31944122  0.35740653]" "[[ 0.54043576 -0.84054654  0.03755923]
 [ 0.13132268  0.12835932  0.98299453]
 [-0.83107373 -0.52631302  0.17975279]]" 0.31943304183924387 0.3574040528197961 743.1353614912736 20.81300678938355 -263.73308785491093
rear/1418723076374118.jpg "[ 0.76168071 -0.63070115  0.07829344  0.12620891]" "[[ 0.9558829  -0.2910213  -0.039931  ]
 [ 0.09350226  0.17257474  0.98054846]
 [-0.2784694  -0.94102315  0.19217239]]" 0.07847750373866565 0.12606899262450585 689.9610281764386 126.60121803224136 -497.030431614053
rear/1418722885764794.jpg "[ 0.76562973 -0.63268979  0.06201416  0.09833101]" "[[ 0.97297051 -0.22904174 -0.02946627]
 [ 0.07209882  0.18006928  0.98100806]
 [-0.21938582 -0.9566164   0.19171574]]" 0.06239530086842885 0.09782923044316544 922.7318421142555 101.66663686496975 -379.19491407138804
rear/1418723214990720.jpg "[ 0.7602716  -0.63648946  0.09012581  0.09351796]" "[[ 0.96626346 -0.25692636  0.01799378]
 [ 0.02746985  0.17227112  0.98466648]
 [-0.25608658 -0.95095295  0.17351702]]" 0.0900129477908632 0.09324225809831357 601.2216922080881 17.49239550902966 -156.10814286058869
rear/1418723551761295.jpg "[ 0.65050777 -0.53902402 -0.34387659 -0.40992882]" "[[ 0.42741451  0.90403925 -0.00546583]
 [-0.16260829  0.08282294  0.98320847]
 [ 0.88931175 -0.41934878  0.182404  ]]" -0.3440302317584636 -0.41024657057837716 25.014986255683407 23.016131959298477 -116.96170092572477
rear/1418722435465270.jpg "[ 0.71601215 -0.5527564  -0.31781259 -0.28422196]" "[[ 0.63642607  0.75835864 -0.14090434]
 [-0.05566687  0.22735649  0.97221923]
 [ 0.76932637 -0.61090196  0.18691105]]" -0.31753050732916344 -0.2849383882923275 290.1529030659551 69.12500683373233 -138.732262270344
rear/1418723489588217.jpg "[ 0.50609555 -0.41074884  0.48804909  0.58048323]" "[[-0.15030537 -0.98849115  0.01713333]
 [ 0.18662877 -0.01135076  0.98236493]
 [-0.97086456  0.1508523   0.18618697]]" 0.48800962182168034 0.5804340421261194 80.14210968930058 -30.042429183118497 156.50508165401155
rear/1418722737876684.jpg "[ 0.10772026 -0.09988595 -0.63200958 -0.76090935]" "[[-0.95683829  0.29018846  0.01584783]
 [-0.03767296 -0.17792047  0.98332347]
 [ 0.28816877  0.94028451  0.18117337]]" -0.6319847997386443 -0.760930676962474 -695.7416763384467 -98.21623398346637 601.8746081208474
rear/1418722902216956.jpg "[ 0.75697931 -0.62479282 -0.12399526 -0.14574442]" "[[ 0.92676748  0.37559371 -0.00560356]
 [-0.06570832  0.176785    0.98205371]
 [ 0.36984382 -0.90976724  0.18851822]]" -0.12363292998599454 -0.14627325239971672 1023.7506347093611 -20.672364162051604 136.13842761954913
rear/1418723428415126.jpg "[ 0.5207942  -0.42571264  0.47200042  0.56987521]" "[[-0.0950843  -0.9954485   0.00642401]
 [ 0.19170232 -0.011978    0.98138002]
 [-0.97683632  0.09454533  0.1919687 ]]" 0.47191406516544 0.5698209858611901 77.47117315968624 -11.442209394247307 61.109371521090026
rear/1418722671431637.jpg "[ 0.09035823 -0.11214557 -0.62845267 -0.76439911]" "[[-0.95851753  0.27909586  0.0578762 ]
 [ 0.00281687 -0.19376526  0.98104388]
 [ 0.28501968  0.94051078  0.18494122]]" -0.6281556474574229 -0.764701478947611 -699.0735841442096 -51.65300245646586 496.58989683719136
rear/1418723039561090.jpg "[ 0.75272601 -0.62624481  0.13204949  0.15422038]" "[[ 0.91755801 -0.397562    0.00563474]
 [ 0.06678077  0.16806703  0.98351096]
 [-0.3919536  -0.90205207  0.18076075]]" 0.13122452826188216 0.15441758200046476 616.814380688691 123.07216343884002 -679.9463220220146
rear/1418721825825433.jpg "[ 0.56478279 -0.48354161 -0.41469444 -0.5246298 ]" "[[ 0.10558419  0.9936478   0.03893611]
 [-0.19155973 -0.01809783  0.98131409]
 [ 0.97578525 -0.11106984  0.18843206]]" -0.41474422204999306 -0.5250017373198955 -622.4330386050528 -63.39425461491492 459.7713958477199
rear/1418723282163082.jpg "[ 0.68132771 -0.5735059  -0.28220216 -0.35671484]" "[[ 0.58623294  0.80976861  0.02461183]
 [-0.16239021  0.08769102  0.98282232]
 [ 0.79370043 -0.58015953  0.18290585]]" -0.2822018274270002 -0.3567156334827279 216.0777034996338 -46.31513151494874 225.41125220998927
rear/1418721786649344.jpg "[ 0.7396987  -0.61354867  0.18973224  0.20101131]" "[[ 0.84719226 -0.53019554  0.03402894]
 [ 0.06455569  0.16630498  0.98395895]
 [-0.52734982 -0.83140565  0.17511943]]" 0.18972969898113054 0.20100449237922313 487.6164690338501 -80.9150922738278 365.73579102179093
rear/1418723552488444.jpg "[ 0.64820449 -0.53903056 -0.34400907 -0.41344256]" "[[ 4.21446013e-01  9.06853456e-01 -2.60098509e-04]
 [-1.65127847e-01  7.70226067e-02  9.83260043e-01]
 [ 8.91692802e-01 -4.14348075e-01  1.82207629e-01]]" -0.34413415157145255 -0.41323615280143533 25.559113116444937 21.658683766786652 -110.69747630735854
rear/1418721664121565.jpg "[ 0.72855646 -0.59888176 -0.21513207 -0.25350407]" "[[ 0.77890775  0.62706141 -0.00983379]
 [-0.11170672  0.15415265  0.98171206]
 [ 0.61710965 -0.76356463  0.19011767]]" -0.21518852727247337 -0.25362424963773733 -97.0452346361565 -41.21064439756552 212.90837802635062
rear/1418722519998586.jpg "[ 0.57329343 -0.43431841 -0.46637211 -0.51497497]" "[[ 0.03459568  0.99557152 -0.08740991]
 [-0.18535554  0.0923366   0.97832371]
 [ 0.98206235 -0.01764386  0.18772915]]" -0.46535478379456185 -0.5159624777783147 134.52243424922807 -86.52485970332295 510.77173063235074
rear/1418723215536144.jpg "[ 0.75642768 -0.63722597  0.09908354  0.1092826 ]" "[[ 0.95647953 -0.29160596  0.01062364]
 [ 0.03905156  0.16400077  0.98568693]
 [-0.28917447 -0.94237451  0.16825104]]" 0.09836179337295689 0.10923686051981614 595.2286008871803 25.08303682582729 -174.45412424880993
rear/1418721368800753.jpg "[ 0.65686232 -0.54560585 -0.32383927 -0.4073994 ]" "[[ 0.45830771  0.88858784  0.01912337]
 [-0.18183343  0.07267995  0.9806397 ]
 [ 0.86999463 -0.452912    0.19488476]]" -0.3237515348168496 -0.4088839147346485 45.48769693031029 -39.09993920582882 195.99626120792544
rear/1418722352840697.jpg "[ 0.18748964 -0.12743228 -0.62209366 -0.74940518]" "[[-0.8972173   0.43956105 -0.0422754 ]
 [-0.12246178 -0.15569423  0.98018489]
 [ 0.42426906  0.88461596  0.19352099]]" -0.6219612555170281 -0.74952064098769 200.91962648730285 -5.435988783801996 76.47458580248913
rear/1418723076101407.jpg "[ 0.75896878 -0.63245035  0.08186733  0.13141801]" "[[ 0.95205409 -0.30303837 -0.04196123]
 [ 0.09593028  0.16547172  0.98153782]
 [-0.29050023 -0.93850245  0.18660859]]" 0.08198713617917278 0.13140843938612182 683.0750827636097 126.58839403847605 -507.13590961196655
rear/1418721512143576.jpg "[ 0.5103334  -0.43661897  0.46477147  0.57698456]" "[[-0.09784739 -0.99476506 -0.02946799]
 [ 0.1830529  -0.0470946   0.98197441]
 [-0.97822161  0.09068943  0.18670272]]" 0.4644969131553759 0.5772468915551887 79.96150180912616 -9.026303887088513 65.7413279375366
rear/1418722197135609.jpg "[ 0.50667556 -0.40471996  0.47387803  0.59575267]" "[[-0.15896326 -0.98728243 -0.00202115]
 [ 0.22013084 -0.03743897  0.97475163]
 [-0.96243083  0.15450478  0.22328273]]" 0.4738777724534822 0.5957525089387193 113.37927726132995 39.03593475504335 -162.6760222273698
rear/1418721368255333.jpg "[ 0.65769586 -0.54903683 -0.31913323 -0.40515268]" "[[ 0.46801056  0.88336628  0.02510228]
 [-0.18250269  0.06881972  0.98079387]
 [ 0.8646727  -0.46360312  0.19342508]]" -0.31908769883475385 -0.40519719256728354 48.03918726565136 -37.76308949222957 190.91565020515023
rear/1418723363515188.jpg "[ 0.47864354 -0.4067952   0.48828283  0.60580352]" "[[-0.21083605 -0.97719011 -0.02544907]
 [ 0.18266566 -0.06496047  0.9810267 ]
 [-0.96030277  0.20218712  0.19219509]]" 0.48759601483555876 0.6063399258824047 26.98416731770363 75.4201286344719 -370.6593271477455
rear/1418721951625525.jpg "[ 0.27434903 -0.18574975 -0.60734428 -0.72205441]" "[[-0.78045928  0.62181795 -0.06500577]
 [-0.17056175 -0.11173108  0.97899175]
 [ 0.60149148  0.77515069  0.19325992]]" -0.606691429181834 -0.7227120320612155 -791.5251310753762 -50.621742954971324 -1.9254123880358562
rear/1418723525764975.jpg "[ 0.1385532  -0.1134285  -0.6308582  -0.75495359]" "[[-0.93587398  0.35231706 -0.00354834]
 [-0.06608787 -0.16564189  0.98396908]
 [ 0.34608134  0.92110556  0.17830382]]" -0.6308004510655705 -0.7550175445256765 237.71393368885043 0.613745123921895 6.387025604714849
rear/1418723511585106.jpg "[ 0.14262826 -0.11649872 -0.62929089 -0.75503524]" "[[-0.93217046  0.36200188 -0.00358805]
 [-0.06875556 -0.16730032  0.98350561]
 [ 0.3554306   0.91704157  0.18084206]]" -0.62929457622019 -0.7550381973313863 235.1692845648274 19.414680781236758 -98.2291068345203
rear/1418723130548188.jpg "[ 0.76948385 -0.62918491  0.10046806  0.04389889]" "[[ 0.97595811 -0.19398495  0.09937607]
 [-0.05886701  0.20439847  0.97711613]
 [-0.20985814 -0.95947439  0.18806503]]" 0.10046577362185913 0.043889223133777716 728.5089259388218 -6.372632825237043 -346.86263519453325
rear/1418721478784785.jpg "[ 0.50788063 -0.43548625  0.46523126  0.57962821]" "[[-0.10481798 -0.99396752 -0.03227634]
 [ 0.18356024 -0.05123428  0.98167239]
 [-0.97740413  0.09697227  0.18782319]]" 0.4650556958930744 0.5797799090536511 80.10516760158592 -8.843436548025693 65.32136712566201
rear/1418722074880531.jpg "[ 0.4167718  -0.36093558  0.52430272  0.64894794]" "[[-0.39205356 -0.91940541 -0.03142762]
 [ 0.16244738 -0.10281585  0.98134589]
 [-0.90548598  0.37963481  0.18966432]]" 0.5242820064496487 0.6489429872871464 203.65140895411594 114.24788376059644 -551.5285536745329
rear/1418722278033148.jpg "[ 0.50551098 -0.41442166  0.48582928  0.58024413]" "[[-0.14542667 -0.98931591  0.0102526 ]
 [ 0.18396321 -0.01685712  0.98278857]
 [-0.97211554  0.14480977  0.1844492 ]]" 0.4857902422670847 0.5802907269369681 79.57672232582013 -29.31930893147921 157.21059224228307
rear/1418722738785680.jpg "[ 0.1084638  -0.10624412 -0.63191552 -0.76002011]" "[[-0.95389558  0.29914395  0.02441543]
 [-0.03059471 -0.17783675  0.98358429]
 [ 0.29857525  0.93748973  0.17878991]]" -0.6307953783518605 -0.7607858165934378 -688.9761575417443 -92.56599589307213 614.7208030984973
rear/1418722739876399.jpg "[ 0.13588614 -0.11682912 -0.62652542 -0.75851949]" "[[-0.93577183  0.35253739  0.00696209]
 [-0.05975174 -0.17800171  0.9822144 ]
 [ 0.34750657  0.91871257  0.18763371]]" -0.6258244676541524 -0.7592705351968971 -654.7130752375001 -118.49182400959212 651.352320713325
rear/1418722469823991.jpg "[ 0.68464583 -0.57258885 -0.28995711 -0.34543736]" "[[ 0.5931958   0.80505692 -0.00144869]
 [-0.14095208  0.10563008  0.98436518]
 [ 0.79262302 -0.5837171   0.17613376]]" -0.28996626730556885 -0.34545839843027826 277.5714486066385 -11.874260349372866 73.80062530850525
rear/1418723329792712.jpg "[ 0.75647332 -0.63038594  0.09578499  0.14555726]" "[[ 0.93927664 -0.34098339 -0.03859692]
 [ 0.09945735  0.1628533   0.98162469]
 [-0.32843208 -0.92585589  0.1868776 ]]" 0.09493687065239174 0.1434550623415754 424.8022078204799 36.81614977415586 -101.66504147832472
rear/1418722435828843.jpg "[ 0.71438816 -0.55250274 -0.31683719 -0.28983525]" "[[ 0.63121945  0.76421658 -0.13241993]
 [-0.06400292  0.2214725   0.97306401]
 [ 0.77295901 -0.60574166  0.18870984]]" -0.31681681269619155 -0.291182857261714 292.10996568277073 66.58135556323879 -134.36923461797136
rear/1418723328792854.jpg "[ 0.75804989 -0.62756896  0.10780484  0.14105205]" "[[ 0.93696487 -0.34915893 -0.01359688]
 [ 0.07853903  0.17252304  0.98186935]
 [-0.34048267 -0.92104497  0.18907063]]" 0.10556424711188797 0.14104788158523954 423.89722746347684 30.48321825336057 -113.40508556371952
rear/1418723040288237.jpg "[ 0.75945676 -0.62416176  0.1246196   0.13460119]" "[[ 0.93270495 -0.36001315  0.02126057]
 [ 0.04888199  0.18460924  0.98159563]
 [-0.35731224 -0.91449984  0.18978411]]" 0.12467478059285922 0.13439232628328074 643.6807179334633 113.48807209822813 -652.4880020722471
rear/1418722657342642.jpg "[ 0.09237736 -0.04025197 -0.63300208 -0.76756404]" "[[-0.97969241  0.19277024 -0.05515819]
 [-0.09085192 -0.18154957  0.97917602]
 [ 0.17874205  0.96430254  0.19537628]]" -0.6329860126756081 -0.7675785052685998 -735.0722986574996 -103.93701097860378 319.45531955427225
rear/1418723236715019.jpg "[ 0.44106426 -0.38964934  0.50461415  0.63166468]" "[[-0.30727141 -0.95045458 -0.04712092]
 [ 0.16396429 -0.10165375  0.98121467]
 [-0.93738999  0.29377306  0.1870759 ]]" 0.5046947204389511 0.6317002164224437 -174.64002549549798 86.50939192158835 -491.7333974401131
rear/1418722657524493.jpg "[ 0.0952584  -0.03857934 -0.6334505  -0.7669276 ]" "[[-0.97887495  0.19498879 -0.06150784]
 [-0.09723638 -0.17933261  0.97897135]
 [ 0.17985807  0.96427132  0.19450421]]" -0.6334482173064309 -0.7669298343633013 -734.018243306145 -108.72233576380054 321.61047456696616
rear/1418723283072078.jpg "[ 0.67818346 -0.56647252 -0.29321304 -0.36496875]" "[[ 0.56164786  0.8272258   0.01578506]
 [-0.16283728  0.09181339  0.98237178]
 [ 0.811194   -0.5543174   0.18627   ]]" -0.2933246397171511 -0.36559256585273064 208.66862446564477 -47.456267528950114 236.96106403923534
rear/1418722278124010.jpg "[ 0.50498403 -0.41705888  0.48409945  0.5802592 ]" "[[-0.14210603 -0.98983921  0.00492047]
 [ 0.18224731 -0.0212777   0.98302247]
 [-0.97292949  0.14059017  0.18341923]]" 0.4835824903867511 0.5801582545851158 78.82926095417638 -29.051792822949857 158.33592432422228
rear/1418722657888067.jpg "[ 0.10040666 -0.03413274 -0.63388451 -0.76612263]" "[[-0.97750692  0.19712006 -0.07499273]
 [-0.11057521 -0.17621786  0.97812085]
 [ 0.17959218  0.96441223  0.19405077]]" -0.632894505072308 -0.7670432685785241 -732.9211648446229 -118.53198655106253 323.66058309080375
rear/1418722885219372.jpg "[ 0.74966331 -0.63034409  0.10393708  0.1728246 ]" "[[ 0.91865748 -0.39015278 -0.0620423 ]
 [ 0.12808827  0.14559598  0.98101743]
 [-0.37371357 -0.90916589  0.18372683]]" 0.10288244293782689 0.17204665132297 417.46587591473883 52.113525252816565 -130.89975109671752
rear/1418722554539159.jpg "[ 0.67604688 -0.55634053 -0.30235466 -0.37686534]" "[[ 0.53310835  0.84598158  0.01051908]
 [-0.17313297  0.09691545  0.98011855]
 [ 0.82814278 -0.52433058  0.19813374]]" -0.30166264603779563 -0.37627655408710575 418.46444684471555 -96.68161455595117 457.7459881910915
rear/1418723131638909.jpg "[ 0.76850859 -0.62895271  0.11182455  0.03617061]" "[[ 0.97237391 -0.19625957  0.12637705]
 [-0.08506986  0.20622036  0.97480064]
 [-0.21737547 -0.95862159  0.18382753]]" 0.11203264322579502 0.036151615077631094 725.0989603955226 -27.408415188877985 -347.56168385577934
rear/1418721951989097.jpg "[ 0.27447979 -0.18672135 -0.60878067 -0.72054291]" "[[-0.77959196  0.62289363 -0.0651145 ]
 [-0.16820425 -0.10809389  0.97980766]
 [ 0.60327747  0.77480271  0.18904248]]" -0.6086402424965927 -0.7210959665477036 -791.3823702024407 -50.368474461070925 0.4086003562489018
rear/1418722277669575.jpg "[ 0.51000675 -0.41110082  0.4817471   0.58207299]" "[[-0.14177846 -0.98981556  0.01280717]
 [ 0.19762904 -0.0156257   0.98015233]
 [-0.96996991  0.14149556  0.19783169]]" 0.48025148071378126 0.5828114397544654 78.86006172456878 -31.625410191949605 153.98838809930996
rear/1418722672158783.jpg "[ 0.0927766  -0.11361616 -0.62935861 -0.76314586]" "[[-0.95696774  0.28461478  0.0566319 ]
 [ 0.00140646 -0.19060048  0.98166668]
 [ 0.29019091  0.939503    0.18199821]]" -0.629048133077414 -0.7635512101596685 -696.8597014269676 -52.978587311517025 502.59029168032373
rear/1418721811918441.jpg "[ 0.65598751 -0.51466387 -0.37685844 -0.40345905]" "[[ 0.39039703  0.91723904 -0.07913727]
 [-0.14141735  0.1446838   0.97932004]
 [ 0.90972045 -0.37113226  0.18619764]]" -0.37688327927045406 -0.40474205059819096 -472.6012621563358 -134.4368606706197 504.0350558840384
rear/1418723130184615.jpg "[ 0.76956346 -0.62843667  0.108078    0.0340379 ]" "[[ 0.97432114 -0.18822901  0.12356442]
 [-0.0834517   0.20781755  0.97460129]
 [-0.20912709 -0.9598863   0.186773  ]]" 0.10812435999210585 0.03394934821723453 728.6731798568535 -24.721846007292527 -347.6283904743868
rear/1418722885582945.jpg "[ 0.75776993 -0.62323717  0.10343769  0.16328137]" "[[ 0.92527968 -0.37639185 -0.04676209]
 [ 0.118527    0.16982925  0.97831967]
 [-0.36028998 -0.91076188  0.20175215]]" 0.10356807377889461 0.16233754648757842 419.9352600209512 46.39565358114297 -123.17959149070636
rear/1418721787649201.jpg "[ 0.74413146 -0.61204188  0.18292543  0.19547734]" "[[ 0.85665379 -0.51483773  0.03296049]
 [ 0.06700563  0.17438668  0.98239479]
 [-0.51152178 -0.83936369  0.18388604]]" 0.18286637356575416 0.19538070578441025 480.91473260113304 -86.15424265984706 377.79625806894524
rear/1418722554357313.jpg "[ 0.67646348 -0.55497759 -0.30150498 -0.3788031 ]" "[[ 0.53120592  0.84714993  0.01254024]
 [-0.17783591  0.09701618  0.97926618]
 [ 0.82836867 -0.5224221   0.20218925]]" -0.30152812873272805 -0.3790400450382779 416.25431239224974 -99.01207900318381 458.48589912477627
rear/1418723428596851.jpg "[ 0.52410913 -0.42669785  0.47234636  0.56579809]" "[[-0.08647712 -0.99617824  0.01227242]
 [ 0.18998155 -0.00439707  0.98177781]
 [-0.97797174  0.08723285  0.18963573]]" 0.4723724967099252 0.5647037529090012 76.92632351925562 -12.205060047730298 62.68144312647029
rear/1418723235987747.jpg "[ 0.44383093 -0.39824104  0.50353937  0.625193  ]" "[[-0.28883636 -0.95602006 -0.05098233]
 [ 0.15389989 -0.09892442  0.98312196]
 [-0.94492771  0.2761152   0.17570435]]" 0.5035386747071005 0.625193661284204 -164.93484915412384 80.54349283341001 -492.65900782953645
rear/1418723489406495.jpg "[ 0.50581325 -0.41045805  0.48536873  0.58317608]" "[[-0.15135429 -0.98840338  0.01227324]
 [ 0.19150936 -0.0171403   0.98134111]
 [-0.96975051  0.15088062  0.19188276]]" 0.4851083768839162 0.5832061024740507 80.2895126885297 -30.20256245344179 154.80535859629566
rear/1418722500092299.jpg "[ 0.58354516 -0.45572954 -0.44487071 -0.50386078]" "[[ 0.09642873  0.99353249 -0.05995582]
 [-0.1825696   0.0768698   0.98018334]
 [ 0.97845278 -0.08357173  0.18880128]]" -0.445095951011966 -0.5049839839509062 164.3082102321762 -65.50791708054632 395.20065911078126
rear/1418722570355032.jpg "[ 0.46041563 -0.39836406 -0.50140785 -0.61474685]" "[[-0.25864704  0.96556385  0.02807407]
 [-0.16659238 -0.07321522  0.98330387]
 [ 0.95149813  0.24965171  0.17979248]]" -0.5017657301308456 -0.6154151030682781 -76.15674897382365 -127.3307451824858 714.1948562627658
rear/1418723130820900.jpg "[ 0.76899711 -0.62820867  0.11260177  0.03630627]" "[[ 0.97200539 -0.19731365  0.12756505]
 [-0.08563599  0.20807144  0.97435761]
 [-0.2187967  -0.95800501  0.18534941]]" 0.11264443792765255 0.03607660924919715 724.7944835859521 -26.963421913380802 -352.28678601262914
rear/1418723511948680.jpg "[ 0.136583   -0.11242943 -0.63077622 -0.75553032]" "[[-0.93740941  0.34822082 -0.00241894]
 [-0.06454958 -0.16693289  0.98385302]
 [ 0.34219431  0.92242922  0.17896197]]" -0.630725613386255 -0.7555857459941978 236.87690113897253 17.938128574854126 -92.15550629063861
rear/1418723281981232.jpg "[ 0.68304958 -0.57657505 -0.27729748 -0.35229333]" "[[ 0.59799103  0.80103324  0.02743123]
 [-0.161502    0.08690125  0.9830388 ]
 [ 0.78506295 -0.59227858  0.18133464]]" -0.275523344617521 -0.35347552590528347 219.47107581590376 -47.51810382653926 220.86713777503996
rear/1418722519271440.jpg "[ 0.57356096 -0.43574401 -0.46608741 -0.51372902]" "[[ 0.03769003  0.99549942 -0.08695039]
 [-0.18312022  0.0924193   0.97873677]
 [ 0.98236778 -0.02096624  0.18577936]]" -0.4663378116380187 -0.51377472347931 135.86493513306914 -83.18017254261906 506.9348864920685
rear/1418721471876663.jpg "[ 0.51186013 -0.43719915  0.46308152  0.57655149]" "[[-0.09371223 -0.99514513 -0.03006971]
 [ 0.18530974 -0.04710943  0.9815503 ]
 [-0.97820157  0.08641106  0.18882482]]" 0.4629429932162132 0.5766494977658532 79.78976921686129 -9.189573316542033 66.0479343198196
rear/1418721458424115.jpg "[ 0.51252944 -0.43796774  0.4636241   0.57493523]" "[[-0.09099566 -0.99544727 -0.02836416]
 [ 0.18323766 -0.04473253  0.98205039]
 [-0.97884817  0.08416494  0.1864739 ]]" 0.4633399473622939 0.5750733972124891 79.71682561659871 -9.266559026167426 66.31038517106816
rear/1418721967986792.jpg "[ 0.09996993 -0.09818561 -0.62934766 -0.76438676]" "[[-0.9607312   0.27641716  0.02427187]
 [-0.02924562 -0.18785508  0.98176126]
 [ 0.27593525  0.94249882  0.18856222]]" -0.6287820285572441 -0.7649134973591938 -763.9087934817668 56.622373390013905 -191.87853068253222
rear/1418722231130739.jpg "[ 0.26516973 -0.20362925  0.60599238  0.72179871]" "[[-0.77644029 -0.62959388  0.02742302]
 [ 0.1360028  -0.1249165   0.98280166]
 [-0.61534033  0.76681641  0.18261674]]" 0.6045166412741015 0.7225812598878382 95.1417803082126 39.01119069739415 -213.98889075752865
rear/1418722453189989.jpg "[ 0.71741305 -0.57491375 -0.26726886 -0.28872143]" "[[ 0.69041459  0.72157812 -0.0515045 ]
 [-0.10695195  0.17222824  0.97923374]
 [ 0.71546417 -0.67056875  0.19608308]]" -0.26727022638587516 -0.2887226386029569 286.13440664174124 28.99034892397104 -64.18131079394756
rear/1418721811554869.jpg "[ 0.65675362 -0.51848168 -0.36978253 -0.40387164]" "[[ 0.40029716  0.91393926 -0.06691193]
 [-0.14703739  0.13612888  0.9797188 ]
 [ 0.90451213 -0.3823401   0.18887525]]" -0.3700596775586995 -0.4044954523322621 -467.3192211515485 -128.75212106751778 507.74578330562525
rear/1418721787376490.jpg "[ 0.74126853 -0.6146391   0.18330957  0.19783159]" "[[ 0.85452052 -0.51863113  0.02857317]
 [ 0.0679542   0.16616288  0.9837541 ]
 [-0.5149533  -0.8386964   0.17723275]]" 0.18299286220413272 0.19770434219784064 482.39751760953044 -80.22764970250083 375.78504810743055
rear/1418722198317313.jpg "[ 0.5658369  -0.49679627  0.39771577  0.52425589]" "[[ 0.13395586 -0.98845407 -0.07081222]
 [ 0.19811924 -0.04330154  0.97922099]
 [-0.97098125 -0.14520166  0.19003128]]" 0.3978033264502691 0.5243160176874055 155.93890799090565 36.05862954136762 -119.57456643809478
rear/1418722173502748.jpg "[ 0.34273413 -0.30869217  0.55311107  0.69376553]" "[[-0.57448492 -0.81703636 -0.04917988]
 [ 0.13407214 -0.15320292  0.97905747]
 [-0.80746006  0.5558601   0.19755458]]" 0.5530923690447125 0.6937805888199186 37.508148246203824 70.36945103516399 -333.97102703947553
rear/1418721825098289.jpg "[ 0.57038281 -0.48987095 -0.40809485 -0.51783056]" "[[ 0.1306202   0.99055093  0.04179972]
 [-0.19089568 -0.01624408  0.98147591]
 [ 0.97288088 -0.13617997  0.18697009]]" -0.407872301528355 -0.5181822177922364 -610.5129368487302 -62.454932429925755 470.08312428976996
rear/1418723489679206.jpg "[ 0.5046259  -0.41073299  0.48810229  0.58172782]" "[[-0.15330222 -0.98806929  0.01474851]
 [ 0.18615043 -0.0142177   0.98241838]
 [-0.97048774  0.15335236  0.18610913]]" 0.4878330753811017 0.5817668838133218 80.55766967241718 -30.01028256806518 157.11245345013793
rear/1418722518726018.jpg "[ 0.57409635 -0.43683118 -0.46361101 -0.51444799]" "[[ 0.0408162   0.99572491 -0.08286093]
 [-0.18564593  0.08904357  0.97857388]
 [ 0.98176862 -0.02455887  0.1884867 ]]" -0.4637565134376685 -0.5144279371660615 137.68568598774965 -84.15526213167185 503.43980967223865
rear/1418723131366322.jpg "[ 0.7667988  -0.63158289  0.1081941   0.03763901]" "[[ 0.97375468 -0.19439018  0.1183819 ]
 [-0.07894398  0.19937271  0.97673864]
 [-0.21347052 -0.96044936  0.17879418]]" 0.10809196596743717 0.037315940399779195 726.9201699514321 -24.046356889315998 -345.515105918245
rear/1418721824916565.jpg "[ 0.57479295 -0.48700585 -0.40730124 -0.51627906]" "[[ 0.13512327  0.9902233   0.03463409]
 [-0.19679096 -0.00743754  0.98041726]
 [ 0.9710896  -0.13929286  0.19386201]]" -0.4071658689070117 -0.5165660252271923 -608.561641677315 -70.73937152933753 470.00725390612473
rear/1418723281617659.jpg "[ 0.68561679 -0.58078393 -0.26973612 -0.34621102]" "[[ 0.61476071  0.78805298  0.03227636]
 [-0.16141936  0.08565591  0.98316166]
 [ 0.77201882 -0.6096192   0.17986489]]" -0.26979715279739164 -0.34686350250640263 223.86767342366576 -45.85847744135864 214.86315192503912
rear/1418722231221725.jpg "[ 0.26721415 -0.20494902  0.60644688  0.72028791]" "[[-0.77318499 -0.63352363  0.02885778]
 [ 0.13636086 -0.12163756  0.98316327]
 [-0.61934698  0.76410216  0.18043616]]" 0.6063425131435979 0.7199919691856087 96.20453813602055 37.25438280835376 -213.08400150344235
rear/1418723551852158.jpg "[ 0.65119711 -0.53869597 -0.34275956 -0.41020099]" "[[ 0.42850206  0.90352979 -0.00446084]
 [-0.16495701  0.0830836   0.98279515]
 [ 0.88835532 -0.4203939   0.18464507]]" -0.3427561462832558 -0.41020022792329325 24.735014836253484 23.05444974072342 -116.05468452472309
rear/1418721652577859.jpg "[ 0.69498338 -0.56815711 -0.28805974 -0.33349242]" "[[ 0.61160878  0.79086975 -0.02144129]
 [-0.13621699  0.13196062  0.98185097]
 [ 0.77934564 -0.59758801  0.18843817]]" -0.2882047659129227 -0.3339370281187346 -136.0889784736627 -17.6346587802948 81.97833529487856
rear/1418721825280137.jpg "[ 0.56756616 -0.48781371 -0.41281687 -0.51912298]" "[[ 0.12018713  0.99202873  0.03786885]
 [-0.18651782 -0.01490177  0.98233856]
 [ 0.97507239 -0.12512766  0.18324003]]" -0.4128123104292194 -0.5193145793219969 -615.4864840427921 -62.30311728757613 464.9434660543005
rear/1418722376655420.jpg "[ 0.25782735 -0.17108648 -0.61307041 -0.72691069]" "[[-0.80850895  0.58461102 -0.06740345]
 [-0.1650588  -0.11533947  0.97951641]
 [ 0.56486181  0.80307332  0.18974819]]" -0.6128907402841449 -0.7272128753321516 213.5913475977504 -12.97812621148512 147.842189132361
rear/1418721969077509.jpg "[ 0.08880519 -0.08137234 -0.63126561 -0.76615658]" "[[-0.97098436  0.23881248  0.01256857]
 [-0.03334225 -0.18723474  0.98174918]
 [ 0.23680723  0.95284403  0.18976455]]" -0.6306159315525732 -0.7668320616517086 -755.5774741690593 52.61220987984776 -217.78472251482447
rear/1418723213718275.jpg "[ 0.76539027 -0.63309025  0.07880931  0.08463783]" "[[ 0.97325106 -0.22934876  0.01347299]
 [ 0.02977513  0.18406634  0.98246273]
 [-0.22780653 -0.95578174  0.18597165]]" 0.0788240298150834 0.08459162148419638 605.4512438872248 20.050335384882434 -144.402540569554
rear/1418721460787397.jpg "[ 0.51196103 -0.43720301  0.46402199  0.5757022 ]" "[[-0.09349887 -0.9952178  -0.02827513]
 [ 0.18373056 -0.04515901  0.98193877]
 [-0.97851982  0.08661516  0.18707424]]" 0.46399389703597477 0.5757144918574907 79.83061230975305 -9.267334463060461 66.06485441704896
rear/1418721652941433.jpg "[ 0.69453998 -0.57075401 -0.28597694 -0.33176989]" "[[ 0.61629186  0.78729988 -0.01852685]
 [-0.13440993  0.1283372   0.98258004]
 [ 0.77596283 -0.60306589  0.18491409]]" -0.28597423905554925 -0.3317788416387055 -135.54099526832985 -17.810173569084256 86.893373083554
rear/1418722062245972.jpg "[ 0.42108748 -0.34915503  0.53423859  0.64448834]" "[[-4.01552201e-01 -9.15836128e-01 -1.30320272e-04]
 [ 1.69707768e-01 -7.45489151e-02  9.82670714e-01]
 [-8.99975057e-01  3.94571472e-01  1.85359786e-01]]" 0.5333015940393597 0.644413974627237 200.3101417088961 125.83706754766894 -656.1493867601297
rear/1418722074607820.jpg "[ 0.41512853 -0.35981966  0.52828224  0.64739168]" "[[-0.39639624 -0.91767418 -0.02727844]
 [ 0.15732885 -0.09717235  0.98275387]
 [-0.90449857  0.38526825  0.18289538]]" 0.5282816652200594 0.6473683882670674 201.05668345402603 110.03770633278948 -555.5836270877618
rear/1418722296666855.jpg "[ 0.14039696 -0.11152089 -0.62476253 -0.75994971]" "[[-0.93570357  0.3527374  -0.00592899]
 [-0.07404112 -0.17992095  0.9808906 ]
 [ 0.34493005  0.91826182  0.19446975]]" -0.6242362566268758 -0.7604180068270716 236.24162941147122 20.18139149580943 -90.48055517573087
rear/1418721439790444.jpg "[ 0.51272041 -0.44088619  0.46426768  0.57200758]" "[[-0.08547429 -0.99593834 -0.02830144]
 [ 0.1771815  -0.04314659  0.98323196]
 [-0.98045951  0.07902656  0.18014978]]" 0.46416556411962623 0.5722061686535668 79.39078902572346 -7.9210141627257205 60.72462236520137
rear/1418721839641685.jpg "[ 0.55272054 -0.46821381 -0.44932484 -0.52286042]" "[[ 0.04944833  0.99875158 -0.00708121]
 [-0.1572312   0.01478562  0.98745113]
 [ 0.98632308 -0.04771442  0.15776604]]" -0.45000566394649916 -0.5229236191024571 -655.3817953763411 -87.60807468985975 518.114722576839
rear/1418722570173309.jpg "[ 0.45728427 -0.40034398 -0.49877527 -0.61793124]" "[[-0.26123158  0.96450383  0.03860593]
 [-0.16577712 -0.08422865  0.98255966]
 [ 0.95093428  0.25027563  0.18189585]]" -0.49836869570493625 -0.6183429191495992 -76.4436335544001 -127.76730325067591 712.5711598977065
rear/1418721968259502.jpg "[ 0.09561387 -0.0930935  -0.62928018 -0.76563571]" "[[-0.96438317  0.26357458  0.02221558]
 [-0.02924701 -0.18972887  0.98140082]
 [ 0.26288725  0.9457967   0.1906801 ]]" -0.6285821789528864 -0.7662477728382584 -761.2935687175188 57.303100478750295 -200.40930263663773
rear/1418722902489669.jpg "[ 0.76063816 -0.61890701 -0.15012329 -0.12588368]" "[[ 0.9232326   0.37732857 -0.07255842]
 [-0.00567915  0.20221482  0.97932472]
 [ 0.38419958 -0.90373244  0.18883422]]" -0.15161762199675788 -0.12661210862639258 1018.5274505867654 46.851496981501754 161.02863495976703
rear/1418722353931418.jpg "[ 0.18520213 -0.1114274  -0.62475152 -0.75031303]" "[[-0.90656821  0.41714801 -0.06419977]
 [-0.13869027 -0.15077141  0.9787916 ]
 [ 0.39862148  0.89624523  0.19453894]]" -0.625432591264317 -0.7495943098925428 198.5406380145747 -2.616626282957044 86.57287159917293
rear/1418722396107142.jpg "[ 0.26406953 -0.1757506  -0.61234888 -0.72416011]" "[[-0.79875802  0.5976986  -0.06886222]
 [-0.16721588 -0.11059227  0.97969801]
 [ 0.5779485   0.79405651  0.18828116]]" -0.6119541805431991 -0.7242157888122895 216.77726968695217 -29.384966772864153 237.48029287215846
rear/1418723075646846.jpg "[ 0.03320402  0.03787135 -0.62522372 -0.77881869]" "[[-0.99492651  0.0043637  -0.10050972]
 [-0.09907596 -0.21598559  0.97135687]
 [-0.01746994  0.9763868   0.21532213]]" -0.6249456781110371 -0.7790802066490486 -610.1386741726182 50.71165560209044 -499.28290263833225
rear/1418721440517590.jpg "[ 0.51439793 -0.43922179  0.46251723  0.57319875]" "[[-0.08495798 -0.99599979 -0.02768695]
 [ 0.18340921 -0.04294517  0.98209815]
 [-0.97935857  0.07835904  0.18632407]]" 0.46251518494799493 0.5731896020144625 79.44717434894024 -8.61454601253006 62.55639937969627
rear/1418721858002661.jpg "[ 0.5442722  -0.45656638 -0.45065982 -0.54057436]" "[[ 0.00937019  0.99995144  0.00305294]
 [-0.17692695 -0.001347    0.98422306]
 [ 0.98417938 -0.0097625   0.17690574]]" -0.4503567385218195 -0.5409000136136743 -676.3508256463798 -103.30125495001721 590.2347360368695
rear/1418723428233278.jpg "[ 0.51882862 -0.42465018  0.47536384  0.56966509]" "[[-0.10097819 -0.99484378  0.00944796]
 [ 0.18739043 -0.00969218  0.9822377 ]
 [-0.97708149  0.10095504  0.1874029 ]]" 0.4751304413030093 0.569637282831274 77.69420740089508 -11.264925287993798 59.84238556129616
rear/1418722953027870.jpg "[ 0.73779294 -0.60549211  0.25099024  0.16138399]" "[[ 0.82191821 -0.54208115  0.1749242 ]
 [-0.06580929  0.21466904  0.97446721]
 [-0.56579112 -0.81244398  0.14076642]]" 0.250864338660734 0.1612271286560284 487.97927876401326 -132.32484267160368 311.2487816439516
rear/1418721369073464.jpg "[ 0.65227349 -0.55424184 -0.3251619  -0.40202615]" "[[ 0.46528943  0.88489865  0.02145046]
 [-0.16402534  0.06238192  0.98448168]
 [ 0.86982839 -0.46158734  0.17417145]]" -0.3253590213502987 -0.4019418292176433 47.261907122548514 -35.022050739503435 198.48903136631978
rear/1418721664303414.jpg "[ 0.72880271 -0.60117186 -0.21285038 -0.24926638]" "[[ 0.78512197  0.61925134 -0.01054801]
 [-0.1074127   0.15291734  0.98238424]
 [ 0.60995573 -0.77015847  0.18657423]]" -0.2128672661959646 -0.24971324458918293 -95.13057888939977 -41.04668903870364 215.37120065724483
rear/1418722061973261.jpg "[ 0.42225581 -0.34636486  0.53399729  0.64542877]" "[[-0.40346282 -0.9149879   0.00385923]
 [ 0.17515631 -0.07309384  0.98182359]
 [-0.89807462  0.39680528  0.18975655]]" 0.5332631568229416 0.6455247506466196 198.19851486273953 128.5196638640151 -658.3007089682344
rear/1418722375928274.jpg "[ 0.25836978 -0.17114129 -0.61430583 -0.72566112]" "[[-0.80791143  0.585244   -0.06905496]
 [-0.16471163 -0.11174681  0.97999119]
 [ 0.56581729  0.80312023  0.18667802]]" -0.6137731666933756 -0.7261724849994102 213.7211993292635 -11.480626932734399 143.6589135859744
rear/1418722555448158.jpg "[ 0.66553511 -0.5388574  -0.32636727 -0.40022509]" "[[ 0.46660856  0.88445854 -0.00308925]
 [-0.18099687  0.09890516  0.97849778]
 [ 0.86574626 -0.45601629  0.20623422]]" -0.32637303371730286 -0.4003367874413857 380.01067662954205 -101.60015686522745 493.2729959034201
rear/1418723236442307.jpg "[ 0.43702486 -0.39283268  0.51245383  0.62616518]" "[[-0.30938352 -0.94991672 -0.04404617]
 [ 0.14468228 -0.0928007   0.98511678]
 [-0.93986641  0.2984062   0.16614713]]" 0.5124695888813637 0.6261453295503838 -175.69848966213397 76.16041125749196 -492.28928359642504
rear/1418723131184474.jpg "[ 0.77013685 -0.62822653  0.10491183  0.03484474]" "[[ 0.97555871 -0.18548723  0.11781215]
 [-0.07814635  0.20823453  0.97495206]
 [-0.20537371 -0.96032956  0.18864986]]" 0.10501813422895596 0.03426366384450789 730.2912429092579 -21.799498962389475 -339.85007594686465
rear/1418722231403449.jpg "[ 0.26722042 -0.2041756   0.60615937  0.72074711]" "[[-0.77381115 -0.63272259  0.02963837]
 [ 0.13767078 -0.12232814  0.982895  ]
 [-0.61827427  0.76465544  0.18176629]]" 0.6053194395097936 0.7212341884916483 95.74501081545317 37.76311255576649 -211.7325084936255
rear/1418721773832948.jpg "[ 0.75098879 -0.62165354  0.14081955  0.17243135]" "[[ 0.90087457 -0.43406996 -0.00287731]
 [ 0.08390608  0.16762862  0.98227309]
